1.000000000000000000e+01 1.650485396385192871e-01
1.500000000000000000e+01 8.737864345312118530e-02
1.000000000000000000e+01 1.941747516393661499e-01
2.000000000000000000e+01 1.650485396385192871e-01
2.000000000000000000e+01 2.718446552753448486e-01
1.500000000000000000e+01 2.524271905422210693e-01
1.500000000000000000e+01 5.825242772698402405e-02
5.000000000000000000e+00 1.067961156368255615e-01
5.000000000000000000e+00 1.262135952711105347e-01
5.000000000000000000e+00 9.708737581968307495e-02
